7, 1.0174661945480108, 5.5465321580606854, 4.759724617459444, 8.500863438095754, 29.013301939949812, 22.505361541948975
8, 0.12745314449634776, 3.503189423837721, 7.666879477365133, 5.159564334226434, 16.55515976190173, 62.0025137629996
9, 0.6464129837484297, 3.615617996891314, 6.613679705698455, 5.153987041414093, 13.970165451489784, 40.76225917230457
12, -0.26861022399522316, 6.675400396350566, 3.5721157494754547, 2.3004167209173247, 50.519700216393026, 17.05159272420999
23, 0.38888832591594197, 3.475383412776048, 6.457513054012952, 14.495913597801655, 24.022365519021474, 51.32411968828346
25, 0.9901359640366755, 4.36362244658421, 5.989709404621626, 16.01369397796064, 27.39410502589899, 41.00942856577644
26, -0.9140324959048501, 5.911174741368681, 1.6845862492716106, 13.10374470586009, 59.68719853759197, 19.8565640886369
27, 0.05699258477959646, 2.8412696299800877, 5.942674876785841, 12.785846712417616, 20.538045376840717, 47.42710275482762
33, 1.3883495032450477, -0.000910597658329169, 4.720935569579633, 17.777240597180523, 19.707284225140985, 28.88337048670767
37, 0.4109686977050547, 2.7288449907378927, 6.961469527440942, 6.98819913090037, 12.360749640705956, 49.897260251266935
39, 0.45810137050041777, 2.669191567973561, 4.515768686197155, 10.690937192444702, 15.579857053802302, 27.15560123731048
45, -0.6709798711846843, 3.372107136959584, 2.519452234133511, 18.392398016779918, 34.73895057220939, 28.571255035425775
47, -0.019935480327298357, 4.413178243378866, 6.768853185800248, 6.738311563390188, 26.39080885070645, 52.82596311673597
51, 0.4394108654843247, 4.023839641387803, 7.892893419856494, 5.420416539471989, 18.268546189008948, 60.97481872783787
52, 0.6997075572699862, 4.646910377087555, 4.7011932008340604, 8.677990570399318, 24.258400671170396, 24.689877926047355
57, 0.03730999426395309, 4.066029099839511, 5.285372059909443, 15.442245235277401, 31.672822866908017, 42.98440068014436
58, 0.23631518777702587, 0.0927434979061657, 3.3313404158630835, 25.610276343117775, 25.63088917324212, 35.189457505601034
65, 1.023128189923689, 5.530791330797136, 5.674713501441246, 4.700899924964134, 25.019926916553015, 26.338145835289183
67, 1.445348044625906, 2.734864960095767, 3.2120286027008267, 12.83255056749707, 14.495404442779716, 15.95371076177602
68, 0.2758782783283572, 5.049283577457729, 4.442019424455489, 9.44871925285699, 32.23411740263604, 26.805451302342234
70, -0.8938566532214347, 2.940194228443394, 6.217103322033218, 3.2613006025686326, 17.961246765766056, 53.8270523722274
71, 0.25172902694658633, 5.462694401260297, 6.15696914020692, 9.418454727683633, 36.57261485997985, 44.29031552294138
73, 2.8954592515902777, 1.2694352992794684, 4.112523755078385, 26.30326629911403, 28.947220192602273, 27.784512304764412
74, -0.7503901015829965, -4.102006332677809, 2.4442597616931194, 9.181374902758439, 20.414706263296356, 19.38716265168842
75, 0.282540389138626, -1.3628404739264692, 4.01305354129044, 10.484087063570927, 13.191365248122347, 24.40081544195465
78, -2.450582920192006, -2.359491585629991, 4.790463730908859, 16.164554636482258, 16.172852267710685, 68.597311239918
79, 0.6596561807960268, 4.973695190083689, 7.149130619185893, 4.786064689525322, 23.39699726317581, 46.89934317602783
81, -0.31897172978453175, 7.2235104054205195, 4.015651298909508, 4.666151873277002, 61.55518863316331, 23.455108674161337
87, 1.5910509223702258, 6.768161716673712, 4.614785296543571, 9.17589174967492, 35.97836792617528, 18.318861315232187
89, 0.8910949883022993, 4.944201347317576, 7.0173587709115886, 6.774920521177366, 23.20259167866742, 44.30602845528835
90, -3.0150327716761667, 6.906563459124475, 3.038264412513299, 11.944227759994712, 110.3822995270408, 48.586634560113616
91, 1.1122382340597752, 5.079583760847136, 3.5770269293508536, 7.697805388041614, 23.437635916961856, 13.772988700476002
92, -0.42797833552876824, 6.814755602757118, 2.8407871904844253, 11.895457059200083, 64.3526519599971, 22.58028512325212
94, -1.8755805566599328, 7.24227466191206, 0.661644276934929, 5.252419715645753, 88.38770350248599, 11.689929571856467
95, 0.780425342401115, 6.110507569279645, 5.3586266099927755, 7.288224947425568, 35.698001492714255, 28.248151794004265
96, 0.022118371381587097, 7.294553782197771, 5.052962430434651, 1.4217302895752617, 54.31004709406909, 26.73112223608467
99, -3.0109692775066934, 3.780579327443008, 6.902465074646353, 7.436129849640633, 53.56126230303494, 105.71231050408409
104, -0.8134452436935586, 4.704048682736298, 7.040750325905994, 3.2503520520736195, 33.69309128026612, 64.93874009758838
105, -1.1467859254107085, 5.943806788241182, 4.2952620215325785, 5.2445709993803025, 55.521076030272, 34.86045685620856
108, -0.4915713359854854, 6.7761318587088, -1.0063237422779054, 7.467202786246638, 60.286712512414105, 7.732172826030464
110, 1.0261444503232764, 3.445238635173674, 2.4344836135518224, 24.00903687861226, 29.86105355379112, 25.992456077311747
111, 0.27560548270482627, 7.589099151833651, 5.240057049140373, 1.1322631003588235, 54.619452748746156, 25.778042455843142
116, 0.6388382622408125, 5.0630487922686696, 4.78664363278663, 6.322327287003492, 25.8959661010137, 23.52661667893154
117, 0.9754588985741766, 6.1342620450783345, 6.46824176769901, 9.903331512350874, 36.51658141672852, 40.07399515970272
120, 1.5529853720662072, 3.893400949009226, 3.7580803456154874, 19.96230117174148, 25.439846244538238, 24.82474501411544
122, -2.1341411449067396, -3.7511819406014197, 15.267068653390925, 11.866686902552459, 14.481507837493533, 314.6687893469261
124, 1.5169880513218708, 8.52426495235815, 0.8216244212780431, 8.96909942722312, 58.07102899501842, 9.452630005210851
126, -1.657973465605507, 3.272098007639919, 11.655754976400402, 12.637408578705706, 36.943013310011374, 189.892773606181
127, 4.013426514840526, 1.1262585398629474, 7.990153665081287, 7.514616650711222, 15.850355566446657, 23.328975478173913
129, 1.167235388417363, 7.485641195232258, 3.066116509218253, 7.587646712283576, 47.50989865187579, 11.193396223217649
134, 0.32850400415174874, 6.921390040049866, 2.8227680061405116, 12.635069480879586, 56.101215763219344, 18.856422392496714
137, -2.5374153384527407, 2.452352056647744, 7.3606064748110445, 11.438688652875506, 36.33646731007042, 109.40952446874516
142, -0.24420491436081251, 7.342592813720499, 1.7104598242234215, 2.6174576678577166, 60.17695743467741, 6.438171908122306
145, 1.5293696580962017, 5.319087363125598, 5.943912631939032, 10.174564603978634, 24.536524887791824, 29.662754271883635
148, 0.7760094985096765, 6.608621934492718, 3.0901739977536833, 7.204770451532462, 41.224138279916644, 12.560127781093355
149, 1.4100476122739567, 7.715166653118815, -2.2448652425602917, 17.229271615641256, 56.9837977348653, 30.58765959207406
152, -2.335720837774297, 6.618251134894802, -1.7502406113557727, 33.607969079040195, 113.78158316638596, 33.950756174566706
156, 1.5979038132519368, 5.6388832258255785, 1.0592535252408681, 31.24350212217348, 47.573016735019905, 31.533646254949232
157, 0.17902843326341752, -1.2736429709021442, 3.1015344740876176, 9.686614232462723, 11.796868440942577, 18.227655791116337
158, 0.027060297462862905, 2.1249062604955924, 7.998278202190956, 4.528594204268307, 8.929551888881303, 68.06890908892778
159, -0.3374407713618701, 6.8763466038731185, -0.19277774719149832, 11.268909538580715, 63.307637833680126, 11.289836929142783
162, 2.048161482223475, 5.611000746469657, 3.1446759266119537, 10.272062191930242, 22.965885814784777, 11.474406118682293
163, 2.1731632311587266, 3.6850119805123343, 3.0218118579240283, 23.74720746265017, 26.032894103572715, 24.467411954360998
168, 5.667197534004705, 5.159370546891993, 3.013611805569046, 9.933776354102955, 10.191664602942907, 16.97529357226017
169, -2.8128500953000906, 3.202493277494916, 0.04449696116964572, 13.998030393357007, 50.18238628598724, 22.162462594474086
174, -1.1129363352236918, 7.392648037963335, 4.967055477980983, 1.4560834165885532, 73.8010489459924, 38.42238386522331
175, 7.865495535707358, -0.25261547477820134, -2.216284706905191, 6.316020764075178, 72.21974714264267, 107.95831362441012
177, 6.077321452013311, -0.5491891974283954, 3.926199762946364, 7.859505412860142, 51.77014880003077, 12.486829934038497
183, 3.3917757393971333, 2.803231110056909, 4.258744260211833, 22.14757831645366, 22.493963097175875, 22.899212732535226
187, 0.7034998573643902, 5.080639566951978, 6.293851771366007, 6.260476384593844, 25.419828421842386, 37.51251090697544
188, 1.9658522722105591, 2.4075718115347997, 3.09439785169488, 19.76194041293342, 19.95705656435448, 21.035555537907175
189, 0.1801030959070068, 3.5084973511203015, 7.410871241631899, 14.541290865741392, 25.619499183872264, 66.82529884297318
190, -1.2317493509857464, 6.330269332917537, 4.680258773242856, 5.675212984997722, 62.859339560700995, 40.62705304594238
194, -7.028768871504277, -0.7224686917530042, 1.0403647155686875, 3.570996684762735, 43.340418641896, 68.68191353079096
196, -1.3005943335393617, 3.982296024269016, -2.2838471795975885, 68.48423006777634, 96.39316060037773, 69.45101622704453
204, 2.1795413856124473, 2.2709085377351013, 7.991156136436716, 19.173873398892628, 19.18222135537969, 52.948739410890944
206, 0.9862764386555399, 6.077618659277802, 6.708672101279974, 5.393921312098698, 31.315686919588824, 38.13973343172192
207, 2.3786108854728365, 6.127128878926658, 3.6186570899939827, 9.622468737480379, 23.673855884729026, 11.160183326827495
211, -0.5146894680518895, 2.4927897572783366, 8.266543348512187, 2.7319053668629536, 11.776836657655961, 79.84195514556426
213, 2.01251007841784, -0.5944874473735452, 7.893734157819203, 24.76961783450881, 31.566053933991263, 59.35841450663933
216, -1.637714875902832, 6.812514119873325, 6.458339512667688, 1.2816478440121373, 72.68801792506447, 66.82774450670442
219, 0.6934741939092575, 1.66581261714177, 2.184088034738171, 11.020192772753706, 11.965634782048198, 13.242122395224573
222, 1.365322540062705, 7.24241923604218, 4.261685322747152, 5.86775594663609, 40.40802152052841, 14.256673315555437
224, 2.6745307723440823, 2.7098264256102778, 6.192734750341324, 13.537114749479132, 13.538360532619295, 25.914873980275527
229, -0.32474614027866855, 8.427436479734311, 3.8338207305257317, 1.239803753436324, 77.84050436749558, 18.533482172386176
232, 2.1742870533628746, 8.226525526207316, 0.654456839364908, 6.4157432341985094, 43.04533376637557, 8.725627113579765
233, 0.8689070456074016, 5.158524735874543, 5.4895988719433975, 11.494529263269362, 29.89534919192274, 32.845322217238596
234, 1.1052071367676912, 6.097662775278244, 4.672581893849978, 11.352802771689152, 36.277416074186064, 24.078965429157357
236, 3.2960675557129573, -4.908612217166896, 2.209298308459788, 22.95767240086654, 90.27444257637057, 24.138739797639946
237, 0.3585052453580934, -1.4967747702884806, 7.3546386906784615, 17.196476174686225, 20.63854011113928, 66.1423593594125
239, -0.41581827904462626, -3.668182166928559, 11.207301448536354, 0.3531269242599471, 10.930997783468692, 135.45003912593484
240, 0.2683331251615879, 1.6016652702808998, 8.520440505806178, 9.051339123905565, 10.829113733113386, 77.14861534560654
261, 3.159854120393862, 1.586851339460699, 2.0274031081257315, 29.539514031396227, 32.01385178021902, 30.82195932658359
263, -6.092188254180169, 1.2477845029031922, 6.245580785958977, 13.465845142296777, 67.34104521702265, 165.68639003011248
268, 0.5588206558876484, -1.6612840010013712, 0.9400289940220407, 9.90543667598416, 14.834301363524874, 10.050756473047036
269, 2.583839568279765, 2.474268213690791, 4.6424912412288775, 21.44438446326535, 21.45639034502931, 25.68243117386038
270, -0.04045511309435743, 4.82319874860496, 7.113905673148522, 1.0070900220657486, 24.66221890848817, 52.19196828179698
271, 0.02512879834601174, 4.497274688782636, 6.1068483575050525, 17.823756251021813, 37.82384511636931, 54.8110690472809
273, -0.05590681489543965, 4.46073966241892, 7.2643600288997705, 0.8633168133509602, 21.263412214394233, 54.44962347772375
274, 0.20771901166256712, 3.153321139268136, 4.753562041593079, 17.217351048418756, 25.893922942570313, 37.88203990118071
275, -0.7916462754917322, -2.3803414115930948, 6.775057922453015, 12.663936131236005, 15.18788836670627, 69.9189485504362
277, 2.765379197719878, 7.748106891798022, -1.4202660716528492, 9.354753433371576, 34.1823287067048, 26.87437975439374
281, 3.9038084324624562, -2.629986435005368, 8.285932007466794, 5.073057210331236, 47.76353258048322, 24.276064236939362
282, -2.7253818025810697, 2.028846943481285, 2.7974562243602077, 26.23081549494381, 48.83350646482394, 56.732555366773845
283, 2.4426694307132517, 4.430063082976717, 3.0403896477536287, 16.28761607600419, 20.23734960506094, 16.644885533862876
284, 3.170034050795702, 4.132086985537408, 1.9379232485495521, 21.558599733684034, 22.48414558292976, 23.076696762692187
285, -0.4088042091470653, 0.1525967563486315, -8.873384454558922, 1.3154688255172962, 1.630639869577232, 72.96458755658388
289, 2.9202854447776345, 0.8964013888856738, 7.386949827756746, 23.363284247848735, 27.45939091954245, 43.314374958023606
290, 0.871142275894569, 5.830089195505218, 5.975822117932201, 7.74414742397458, 32.33530197549052, 33.8019037136804
291, -0.5970884373276412, 1.0400561954798704, 0.9842879532179931, 71.3278239673503, 74.00806651608139, 73.82857525592046
294, -3.2729160328583577, 0.8108691550593942, 8.732819017535109, 4.344930569946577, 21.022232031003256, 148.4826046701905
296, 1.9984278471685597, 4.811651865093922, 6.908201344076784, 12.57519000553641, 20.4894193805692, 36.681065796478606
297, 0.25369421407226067, 3.482186156501829, 4.8828242577482595, 14.948964319662073, 25.372124541994893, 36.37780928092612
298, 0.901841049851014, 6.2140248281416035, 6.264167788853808, 5.26324214592856, 33.48253864026367, 34.017790201748674
299, -0.21655587828098516, -2.3291342355719467, -2.063880940712897, 6.887460317921448, 11.350447633615536, 10.300070204210707
302, -0.28355851562908674, -1.718770450056612, -7.267664723299083, 4.685898641815734, 6.745731938538973, 53.46363816183037
306, 3.9091358306270125, 7.681116303615417, 2.402776488933356, 5.476569856490334, 19.704406545095093, 7.745688322797598
309, 0.8178981327056719, 4.107342055811573, 1.9181358982360193, 16.21969981458616, 27.04014113784454, 17.430222955285455
312, 0.15403595201923573, 3.216953016326894, 0.28761370553242227, 3.902186522637393, 13.28364746546454, 3.92002953887114
313, -0.01820207960791627, -3.8122140184622557, 10.476097506680363, 16.009591626711465, 30.404118218880818, 126.13991543348577
314, 6.787332944493745, 1.675094050939076, 1.8309612053330708, 15.211186313441008, 41.34617281821754, 39.77680713019449
323, 0.3074980454987202, 4.537288837845057, 6.448400449586623, 3.780292405647109, 21.67142255266267, 41.49097474218025
325, 0.8661222918889845, 0.545643444056631, 1.6462377836682949, 13.548753363045396, 13.65146005495368, 14.157333543560283
333, 5.867307177982223, -1.7617770009327296, 2.5416852331044755, 8.558318099690984, 66.76124350866156, 19.618079419944355
335, 2.3921440331189103, 5.692266601341035, 6.119731909362956, 6.97821741904671, 17.86902638433581, 20.873128794168434
338, 1.292479058221363, 6.455297636084432, 2.6972853695457215, 27.415527653103183, 54.07022332102684, 29.389008425437122
341, 1.8295055004878529, 2.5799304775289422, 8.300454029607929, 7.349476642152241, 7.912614288319408, 49.22265150867312
343, 0.7148544572578385, 6.096615371415135, 8.11630676685771, 0.46642093469976303, 29.429771471851033, 55.24791722598122
344, 2.266642602759989, 2.705485272295546, 6.0566899020626215, 20.15554536047016, 20.348128249074822, 34.520003891421254
345, -3.5318720374243036, 0.7663306688477207, 5.953609753732848, 15.453167294881165, 33.92771379908626, 105.42753210525738
350, 1.405261320408237, 5.972204972305717, 4.4258818627006145, 9.319796731327745, 30.176771050934555, 18.443945191845685
360, -0.07881268741896205, 7.199555233638725, 5.903609919146653, 2.1517539078857686, 55.12639350216689, 37.94113415143237
361, 1.189270718882166, 3.5734024803484923, 7.678437553900838, 5.3100845451419385, 10.994168801174514, 47.41937075784846
366, 1.6662861898383625, 3.285692072108279, 5.284085184455995, 15.476279500752419, 18.09875491228259, 28.564749066207956
369, 0.8487388724435965, 5.730289898022225, 4.983065904197537, 11.815193201079323, 35.64473361640773, 28.907853206571925
370, 2.4232519914244204, 6.120692899375119, 3.0946300717735378, 11.57133528242166, 25.24240455020869, 12.022083809194626
371, 1.2010681739305764, 1.5966979340967915, 7.152129121203134, 18.657723607153446, 18.814246514282527, 54.07285000530623
376, -0.49369503829712497, 2.213939439916128, 4.274197962006338, 9.749557172755535, 17.080841640365207, 32.482360835100756
378, 1.331293245588039, 7.807018040715427, 1.5723187739459785, 12.819706718202616, 54.75471834043047, 12.877800023522807
381, -2.622603537618123, 3.420750611925132, 6.709183800740338, 9.798143282790978, 46.320272659595865, 96.88039821113702
390, 2.1749548047117853, 3.4017462948069217, 6.672630840669409, 9.686810868631209, 11.191828228801135, 29.915900593058964
394, 0.057079421560656894, 3.479105876867775, 4.800867205676551, 11.71004691039043, 23.420311971213028, 34.21356945111539
398, -0.6526220776924352, 5.147027273448415, 6.96942439072014, 7.95474239559037, 41.59067499177826, 66.0503347622311
399, 0.5286002693524794, 5.9183888990259135, 4.374781043470646, 7.678737746078552, 36.72855921863834, 22.471844293274174
401, -0.7250456482324429, 4.769817745524775, 8.514074233203628, 1.3137147746688016, 31.507238490721566, 86.67505095821572
404, -0.4538089246187615, 2.547069195920886, 8.827996959472951, 1.2460015202282233, 10.251271014561388, 87.3979219901873
411, 2.3134806277376256, 2.775360452796421, 6.640030339006727, 12.669959529952024, 12.883292502748676, 31.388991934034795
412, 4.493603399292106, 0.0667136800616769, 9.122518437625024, 29.431681254501164, 49.02903384072932, 50.85853568660566
413, 4.251713174640144, 6.171883470460289, 0.32190596695737045, 11.019164223123754, 14.706218188073644, 26.462548912679882
415, 8.1386336695694, -0.95089946938165, 5.896317584862128, 3.7773677174924694, 86.3969804015834, 8.805349141229353
417, 1.046257920066053, 4.056639356351496, 6.084789333834329, 11.086639777825077, 20.149036169757526, 36.47343858535438
421, 5.187175958606992, -2.0744147316881287, 6.616514940410374, 17.489505177995007, 70.2202045313825, 19.532515102895047
422, 0.38884414629924685, -3.664255605414391, 13.43558264757979, 10.947457544173265, 27.375075141513154, 181.16484306498725
423, 3.373404686629491, -5.583224971262047, 10.432147182285831, 12.323658945059224, 92.54487377368596, 62.149504565045696
425, -0.702679185785576, 4.894190694385903, 8.228551794030846, 0.3654705949300366, 31.690423050501085, 80.1323574097611
433, 0.1560112677747928, 0.6130041905053801, 9.522952929546856, 0.471748886364403, 0.6805914177899306, 88.21134498141654
438, 1.9897668568439588, 1.640701113559018, 4.322210650866106, 25.63960032681214, 25.76144721994631, 31.07989437908309
447, -0.23896320694412246, 7.998394040600491, -0.06427354854833965, 9.460850431198946, 77.31490485487656, 9.491366907949566
448, 3.5807526216283354, 1.8812853525598663, 2.532406810240155, 24.32411978766927, 27.212308786303986, 25.423148727924666
455, -0.9022850628832118, 0.2949845887014435, 13.237853432947816, 6.411395347492028, 7.844849966097676, 206.35491202877537
461, -0.15229433383285104, 2.697049570041909, 7.198846633483785, 13.596527504787682, 21.71528818732827, 67.63580102615585
463, 2.7966262784794997, 2.723814176786464, 4.511655126031948, 27.952439365321727, 27.957740967474475, 30.893763313258603
466, 2.593429477772212, 6.878418484659518, -3.3761515214851086, 10.235192976315387, 28.59632376546261, 45.87109028300783
471, -1.4803868645686997, 5.277135538822885, 7.154235765018823, 2.713702254395047, 48.37781128673492, 77.27041020977924
473, -1.8217642220932087, 2.867495732304194, 4.837022305152473, 5.759339464196884, 27.748498384113006, 50.09877747962802
477, 1.0464078235784218, 3.4839824473840837, 3.6667269139624183, 28.956839738092544, 34.89860978471363, 35.82291187352353
478, 0.007340927197480748, 6.3782653269210305, 6.382401052384408, 1.9417879262742606, 42.53046563326728, 42.58317952602233
479, 1.2101269128450989, 7.880695675714539, 1.8966560828664463, 5.9425961065312025, 50.43908372669989, 6.41391840782144
482, -1.9012594106045742, 2.7442931258744605, 4.868787520245986, 16.862746843871, 38.44390521305917, 62.696282289788975
485, -1.7312756113517525, 1.0026169673761907, 5.699497997264307, 4.242751187396123, 11.716919819417713, 59.45914760986293
486, 1.906791163098942, 3.2130892213300113, 5.723464492764177, 29.05357171266135, 30.759986329599954, 43.62056701803853
487, 0.30972434272515703, 6.3059642656199095, 4.085651023138898, 10.581449756497518, 46.53634296941556, 24.839072052358
491, 2.6768009866485514, 3.236974132644569, 3.3055716301615328, 16.746639626108554, 17.060433579603433, 17.141992148251692
492, -0.9195294053796463, 7.391501336618043, 3.029786498533509, 5.4566016830654025, 74.52983367749653, 21.053697791966858
494, 7.021414386261532, -6.73712197134967, -0.029963098205042282, 6.56309034973102, 195.86041305344787, 56.28501477817386
501, 5.478132530686825, 1.3011850595572978, -0.7930327868090896, 12.485178788475361, 29.932068965050334, 51.81269322784037
503, -4.6689375611337836, 5.081753010435653, 1.7641081100643095, 17.932695172517604, 113.00866179501764, 59.31677178023747
505, 4.885162463617926, -0.26127161938351584, 7.65987883239381, 5.3899303247074535, 31.875714095386215, 13.088981251860377
507, 0.12741203530648648, 4.45099706945462, 7.105517822552717, 6.311391281978294, 25.00477882948737, 55.005351659976256
509, -1.8376961161786267, 5.432371949353439, 5.491568650765857, 13.817572033884739, 66.67146171135265, 67.53569405785818
514, -0.04841778571562246, 4.042516009056114, 6.415786955418319, 11.287242786692733, 28.022982099898186, 53.073185721988786
515, -0.3005100154956846, 4.023399287846724, 7.920308692936257, 5.5576701510385105, 24.25386181456903, 73.13953038794115
518, 1.469230032637225, 4.881376765425616, 5.8612400608176305, 15.326727315199529, 26.969472641276173, 34.61647940283398
520, 1.086823147992521, 2.931527133673827, 7.917929546028724, 6.070220220831616, 9.473153015620072, 52.73423484212334
523, 0.5209815258210108, 5.917332672937475, 5.310603311292724, 8.958441735441358, 38.07904743842067, 31.8989185833033
524, -0.44169210434012846, 3.3330389542913292, 7.248663713691138, 16.717491645926355, 30.966086210923454, 75.85906425385325
528, 0.29385023443255226, 7.675518779701224, 4.401546154938789, 2.963509027674922, 57.452539539890026, 19.83667480302168
531, 0.15911417499700276, 3.3845396987538203, 5.869550274074891, 18.112232753819896, 28.515602563126166, 50.721313195482004
533, -0.3614700899714045, -5.453447803731786, 13.117030204489474, 20.38909706281875, 46.31733410025154, 202.05906725060188
534, -0.12392971550425742, 0.8505544081792996, -6.195342010456432, 1.8336522654888538, 2.7832715727971644, 38.695699520783506
536, -0.053133659204989955, 5.746158015194725, 5.535660578144062, 11.337919921930052, 44.969703846689264, 42.57254094935518
537, 2.101452423180742, 8.71176286137192, 0.5319986926886028, 10.829459440438514, 54.52566352969808, 13.292644452593976
539, -0.7840153963779227, 2.810857137161383, 7.764105154647289, 7.279803996335607, 20.202912528730934, 80.3501689511952
547, -1.1036673943540798, 6.341056768555358, 6.300829134662976, 1.3571862598952873, 56.78110412170243, 56.18375510812143
550, -1.6122709607568182, 0.7735502270851153, 6.904206410651075, 12.350059430041409, 18.042202170397623, 84.88044624774692
552, 0.7222859402852935, 6.027934488300921, 4.2712002667670514, 16.489116857502303, 44.63902337256388, 29.083909754208083
553, -1.1909207481148503, 4.110234220035997, 6.73661122772283, 7.389654236972869, 35.491898233323155, 70.23541746490136
554, 1.538353920753833, 3.3845324735165967, 3.9038238174793882, 12.371694539401053, 15.780069788081246, 17.96714237171601
556, -1.4887044137065242, 5.493289686415813, 7.850184033418436, 2.1309077811510857, 50.87914939529377, 89.34574520899567
557, -0.11275975310315231, -2.580555071127062, 10.086681445791552, 5.037725376254968, 11.127739107915254, 109.06632614596526
562, -0.02185629159052201, 5.048814412510826, 3.674306176233867, 13.079447148724993, 38.79114853815664, 26.741064137278308
568, 0.25520191321334307, 4.505834835291895, 7.077522185716952, 9.949228056383836, 28.017108294642036, 56.49328195699675
571, -1.1926645400876015, 5.689895067606163, 7.930014949533416, 12.136527340999239, 59.506154094455134, 95.35980841135252
573, -0.3304619350680774, 9.63306111871956, -0.14808732780148554, 1.4854141336714617, 100.75720577702486, 1.5186746310471264
574, 0.6805785184841489, 4.069682502564509, 5.673536605095262, 8.171153161574495, 19.657178976485383, 33.100783616233194
575, 1.6844617962127455, 1.4780349993869473, 7.065345200759974, 16.60757866332216, 16.650190685769388, 45.56148487665121
577, -0.07855887944456097, -3.4149829055299707, 9.744913303068271, 5.199815249467785, 16.331540531308132, 101.70042097007271
579, -0.2796790488165141, 5.497088330594972, 4.332316782792244, 6.813442680401555, 40.18448403623387, 28.083948231177246
580, 0.255651694232989, 5.95591262017326, 5.425119428946152, 5.570761219459585, 38.06373584326082, 32.29415787970007
581, -2.9332543194220086, -3.94794441773048, 12.518686908839891, 17.075394271289614, 18.10499026689523, 255.83788199294798
583, -1.1602625345006383, 0.35831740069864637, 5.12153366804543, 8.926659799023112, 11.232744818613565, 48.38762332934534
589, 0.19744342406282264, 4.652383242096335, 7.178559418196297, 7.763238138702951, 27.609726921003656, 56.499218662248985
593, -5.3973008938148945, 1.978799163473149, 1.2043590581563008, 22.927204058062173, 77.33405611318567, 66.50911817951877
594, 0.5046340651614899, 2.0799261331174583, 5.53151213650553, 17.818579864524814, 20.30012496389103, 43.08808300868909
595, 2.122208049506086, 3.071504259573189, 2.0965326827458606, 18.204637067532648, 19.105800361980396, 18.2052962919904
596, 1.200328088415602, 4.9288205455132355, 3.9961279968586836, 6.264328565127784, 20.165984567762123, 14.08082569317854
600, 3.358056245071028, 7.1572776672879, -3.3183566867518204, 11.93676684059726, 26.37085025562873, 56.511256476808654
601, -2.2547975131294837, -6.311446401935212, 17.194305778527575, 14.032598825129815, 30.488999032178526, 392.3002176746718
607, 1.0594563641082257, 5.776763173837078, 3.675859104150784, 9.616486148959053, 31.86946968607287, 16.462049447057662
610, -1.0871229767666895, 7.012943721950291, 3.2747635724664175, 3.812479206700276, 69.4235597303634, 22.838533475081363
611, 0.5379671958745924, 5.759615509357299, -0.39542091410382474, 18.944671448097353, 46.21028255779389, 19.815884811946983
612, 0.27600475909223104, 7.217584635437894, 5.110746821646743, 3.9679662961254696, 52.15349747581182, 27.34269710755924
613, -0.9571946917105792, 3.623333595979067, 7.165093878985938, 4.403045699081673, 25.38428509340673, 70.37461732474867
614, 0.14751485798830954, 2.712236301684805, 4.7220050309282495, 17.068204828610117, 23.646000912366677, 37.99416517093476
617, 3.336117703297965, 2.5950732667616485, 1.75436490296281, 13.45695984278022, 14.006106699701661, 15.958901764145848
621, -1.5618603132505664, 3.1615146305504735, 7.538859674759657, 6.455167289266308, 28.76543814899344, 89.27827158943552
622, 2.122298088250299, 1.3493878519069937, 6.604391040576389, 28.355163771113652, 28.95255400455989, 48.44432100439945
626, 2.4223151903270455, 2.6968171757718915, 6.302747855927782, 12.409204436303131, 12.484555776316157, 27.46696210856408
627, -2.219492560389191, -3.5727603075083603, 7.203267162271472, 17.18619587884102, 19.017529474206707, 105.9745966697719
629, 3.1990974781877473, 1.079142079827517, 4.476992266428564, 13.996314214669578, 18.49052510570669, 15.62932930448286
632, -0.15056367293188472, 3.199953802006768, 5.443015630761379, 13.593418255477337, 24.81938560534518, 44.88154768218867
634, -0.0831463434691934, 4.546359037833292, 8.664556217928384, 1.1547884240151967, 22.587108499525108, 77.67708852669801
638, 0.02321522962305404, 3.4355995158836445, 8.374194146940862, 1.5987061135415817, 13.243072630659919, 71.33755499103209
640, -2.599186195078756, 1.1891144612094957, 6.287921008002477, 19.15273200024794, 33.50395386268191, 98.13340643930636
642, 0.1103801589046167, 6.483216440581438, 6.7214175036848305, 1.362887418175453, 41.97592969123182, 45.06870219225388
643, 5.602085768825682, 1.812358747623392, 5.975820970521238, 7.555939120728474, 21.91797001596104, 7.695617121714821
646, 2.3327328633841797, 2.108554461949407, 5.852852048630879, 22.416118322997686, 22.466374278618613, 34.807357401353215
647, 0.45676637074277116, 4.180521578421978, 3.089758277933883, 21.498747414596, 35.365100261309884, 28.431393797908836
650, 0.9572622212365299, 2.700234983727706, 4.999793253831699, 17.411670580377077, 20.4496246311629, 33.75372772987122
653, 0.32322434721348914, 6.376028181783988, 6.825961818971021, 4.585701475315515, 41.2221357351062, 46.87129610190883
656, 1.510055150398651, 6.83202625668075, 4.145702912129087, 3.481828537131642, 31.805204993233403, 10.428467661046373
658, -0.4601993201283672, 2.526289825369377, 8.842726245436948, 3.398026416749273, 12.317143832925169, 89.94245049519823
660, -0.5412920386485415, 4.789834142342873, 2.325767649690513, 15.305394437952671, 43.726300795605326, 23.52542569445128
661, 0.6534792738823832, 4.875603776144926, 4.289653883389531, 19.262597256112983, 37.08893256871943, 32.48436304693782
663, 2.1027068977560135, 3.8370967750205818, 1.21105641623275, 31.462571486467034, 34.470679732813615, 32.257612067660865
664, -0.4178348895167413, 6.093996000470384, 4.100981014191618, 9.659842727487248, 52.063784267278166, 30.079539899095387
665, -0.6229743210314056, 3.9315978939879463, 5.428916558814143, 19.603406205496583, 40.34753426732423, 56.22878942705358
666, 3.1264012287716136, -2.7683652513122725, 7.446475206467241, 15.80988428173804, 50.55815613648478, 34.472923454483265
667, 0.11085460634324115, 0.9785470550158727, 8.021059134640637, 9.077817365329274, 9.830707550812884, 71.6491530448269
669, -0.22605973891220052, 6.4216178571346845, -3.265157306447128, 3.942838346541376, 48.134455767525175, 13.178952371538163
670, 1.2154312823076703, 7.827877515883502, 5.350644506324569, 1.7663500697768735, 45.49079526170775, 18.866338477861838
671, -2.255656365460384, 6.1050092381705605, 0.9834762408788367, 29.14211448137372, 99.04284381711082, 39.63409452282346
674, 1.8989165508893073, 0.20645454982199535, 0.6610041091968185, 14.27003727132826, 17.134464896391595, 15.802464484625954
675, 4.308524883427098, 1.8755944783495688, 4.293794525964825, 19.964554926498028, 25.88370528244882, 19.96477190992868
676, -1.0911455273575459, 6.970906672524036, 5.646575999270473, 2.5831514902048496, 67.57983716380608, 47.980042860585705
678, 0.03822541363622386, 3.682007027987273, 8.365435961460335, 5.591945445337201, 18.869089898419865, 74.93438095313125
679, 0.35404052438280853, 6.314345261754024, 1.5163148620822846, 10.229062471274796, 45.75429503360439, 11.579944107349652
680, -3.3982436309748696, 1.0407844945785503, 3.048288334074228, 44.70433136242464, 64.40930206187957, 86.26210573882317
681, 3.139415536962904, 2.628372617694109, 3.11273269255399, 16.535185014711452, 16.796349880046186, 16.535896988897324
682, 0.2997298002700662, 6.847002461432104, 4.390976129136835, 6.178318194157677, 49.045097493758284, 22.916614717623247
683, -1.5752938674196866, 7.2037770585986145, 5.346601249940525, 6.12177333925859, 83.19385966331815, 54.03440535499374
684, -0.928090995302896, 3.4094147768690606, 4.479417961622645, 25.33105762122937, 44.14501394485411, 54.57221074045722
687, -0.21555730174450594, 4.319632037284979, 7.959075841671216, 6.946598357148473, 27.51454069799603, 73.77122538657925
688, -0.0829524236057929, 3.671379521100924, 6.446494054402232, 12.422679089318478, 26.517687440363705, 55.056350398490885
690, -0.1378505956067479, 8.020402186766262, 6.091169087265978, 1.5817876182942194, 68.13887607938722, 40.38247382791017
691, -0.24396205210297914, 6.587434960888448, 2.8374730587801156, 4.21598995649189, 50.88397510560001, 13.711232299075231
692, -0.23104231334601322, 6.567723331418545, 6.478580335926938, 1.9498109064587497, 48.17302519888966, 46.9688470020952
694, 1.4230205563393672, 3.107305313979766, 7.870297448746303, 11.282471756292301, 14.119286901112494, 52.84985108365707
696, 2.3239987486742044, 2.5058515287216228, 8.559289191325364, 6.068439546393262, 6.101509980004326, 44.947286450610484
698, 1.363443082348933, 3.9476056260924723, 2.654555155515829, 29.654328590603992, 36.332224643083286, 31.32129897607847
699, 3.3006003073612598, 0.08493052288785384, 3.388333281873039, 0.142904558255793, 10.483436721031108, 0.15060163307242105
700, 9.842052108322513, 7.0746229963949165, 11.22258131974497, 7.443606701787112, 15.102270591331003, 9.349467605377749
703, 1.6289104334329447, 8.778461334903968, 0.4556210062057115, 2.487909056430547, 53.60398714915932, 3.864517136473829
705, 1.6127330529405617, 4.665047967387822, 5.432891238392345, 17.4791565403577, 26.795782877315855, 32.072765102233475
706, 1.8126168559770641, 3.855133161088104, 7.667090069358477, 14.028126907837526, 18.199999764482648, 48.30298351404068
709, -0.39603962454671277, 3.369142856462036, 6.442916269590799, 8.097496290774382, 22.274095406069918, 54.86881401273304
710, 0.4839600142358477, 2.556749272745742, 7.396771056039981, 21.335735943622964, 25.63219125381687, 69.12269244331202
711, -1.3591687748911487, 5.655954386085612, 2.9806282774968613, 14.649424765025385, 63.861377728693775, 33.48326322093576
713, -0.8679408129031481, 3.7850459133351504, 3.6496190062516543, 7.753968008368904, 29.404253482919284, 28.162314728011168
714, 0.4619130197857281, 3.816650362084643, 6.119800045138049, 18.002160739949527, 29.256423375762843, 50.013846331592376
720, 0.2472281673860907, 2.9202747224983145, 4.067482301584744, 13.53167275119946, 20.67685063699301, 28.126014401060516
721, -2.2084327658087, 2.3803501501646833, 6.954784562732502, 11.453571869296278, 32.510500519224806, 95.41812367937227
722, 0.8839189867308116, 2.2291413960180515, 8.44147181999684, 8.25573287418713, 10.065356204635476, 65.37233770179526
727, 0.2093715900289202, 2.4644044443166497, 8.05357154604586, 2.6695363764782734, 7.75470955039792, 64.20100932645849
728, 2.3785368664857716, 4.7399199597260555, 2.563344718678664, 19.67453177207206, 25.250661885113097, 19.70868571430418
729, 0.1408961423009165, 1.7352485775048971, 1.8906556475411955, 5.7579751548648295, 8.29993484250518, 8.819633481043104
730, 1.978950433649279, 1.7374307464887553, 8.70888284406167, 2.386304057707378, 2.4446358169934985, 47.67829430642685
732, 1.6097025753620708, 4.798378748288654, 4.012890617565251, 11.782218257990863, 21.949873993780518, 17.5575310241789
735, 1.473967162017663, 5.462743625986081, 5.635455053822101, 9.360914557829576, 25.271252237338057, 26.67889603146469
736, 0.26527262069978275, 2.4259899075074527, 6.0245794363931395, 21.080564441014488, 25.749263634524283, 54.25017943830696
738, -0.1987296097628654, 5.414492188480511, 1.465763231564669, 13.953504103901595, 45.46176306017628, 16.72404052273238
739, -0.8017961917331863, 5.4179942128208625, 5.959878074381299, 1.1858982274490717, 39.87169090403184, 46.90613710848417
745, 0.42009050450836655, 1.4237577956609, 4.958217916990051, 41.659391777116774, 42.66673980845082, 62.253992189045725
746, 3.504239582385147, 3.9434922742268625, 6.248910158421985, 12.62866330948245, 12.821606236772942, 20.161879880443365
750, -0.7990498094373791, 1.6126521375739846, 4.897282796259545, 21.436886307515206, 27.25319258873057, 53.885091462238236
751, -0.5226931572507735, 3.2742449961810993, 2.6999566726631765, 14.363057150266528, 28.779796491252313, 24.748529076510486
754, -4.883790246857044, 2.415048852830296, 4.095657330031566, 23.943646669658367, 77.21669887278021, 104.57412545575527
755, 5.468561007904863, 3.004039969150919, -0.6424249504557947, 23.18899881120484, 29.262862761666664, 60.53314819448736
757, 3.8447837598913828, 4.188842057815728, 3.7811058307300307, 22.390123594120713, 22.508499706492177, 22.394178472785374
761, 0.38765688504899176, 4.5916985314545125, 6.2870127389627655, 8.767051415236736, 26.441017579947992, 43.56945090634301
762, 0.03527788684213141, 2.6227060023696884, 4.80878270406764, 14.268890024380777, 20.963674277384097, 37.05523826445929
763, 4.2583879217388745, 5.0043782860821455, 3.416117303474527, 18.961132440667612, 19.517634064360454, 19.67055223505879
764, -0.1677787255364792, -1.5094242699380944, 2.708618623288984, 8.119796863840405, 9.91980963065386, 16.3934585721703
768, 1.254050761393948, 3.224294661224624, 3.674530024624829, 32.17507370092238, 36.05693472574223, 38.0337935646525
770, 7.689647016235006, 1.5904615775057889, -3.2172409763543164, 13.842236767867545, 51.04229978387726, 132.80244245076153
774, -1.5793170957970277, -1.5985162799048152, 3.5256796946637743, 4.251697702632242, 4.252066311302653, 30.312689933247224
776, -1.3189482849641045, 3.8074804243767737, 7.75636711903317, 5.406814121921728, 31.68708543387606, 87.76816380395218
781, -1.2913614247306107, 1.9690689571077145, 7.072070783355591, 8.414064452429342, 19.044470727243837, 78.36106275168278
782, -0.41986283128323015, -3.8707127931078698, 12.240893809085408, 5.818474736428698, 17.726840195454113, 166.11323344307073
784, -0.3432948121307298, 6.652387838673861, 4.057858049042281, 6.470180838135397, 55.40975658890323, 25.840327345546935
789, 0.0497849868398646, 2.9024532891734047, 5.588719422739728, 13.522266968990879, 21.659983412128753, 44.20206165418162
792, 3.157665548574813, 2.978946226784858, 1.8359843430084555, 35.0076032173269, 35.03954381330746, 36.7544444264741
793, 3.1402982415297687, 3.991772777970025, 6.399855306293578, 8.006404460260075, 8.731413346466269, 18.63111671871161
795, -0.5602958688325299, 4.8590101155371475, -0.30304618100425906, 6.586842126438193, 35.9557194786629, 6.653019528325839
801, 0.9192915089815691, 3.793899640537465, 7.252285045866616, 8.574202519003192, 16.837574429010253, 48.681009657231066
802, -0.4151941853295918, 4.182221654755815, 8.436755652554917, 0.8025363503361268, 21.938768757004404, 79.15955228275969
804, -0.3595386221621589, -4.308996513432066, 17.53629163209757, 13.94331223938091, 29.541529874295307, 334.2040527286576
805, -1.31892934636452, -0.034618091187917865, 10.299514357814923, 1.9167406396487359, 3.5661960398220494, 136.90497474683613
806, -2.180205548173202, 3.0469049892251037, 0.2984055332125398, 13.091790947057252, 40.414475517238124, 19.23530383982494
810, 0.36586526370735034, 4.076192689990599, 4.415443599550733, 13.246762516177354, 27.01329212641178, 29.645847214302528
812, -0.7653018022467257, 8.713631996308965, 2.4487444310433704, 2.496701329094427, 92.34688728649533, 12.82679451882074
814, 0.2963927795801745, 4.279090657515739, 5.395440336437594, 16.281031443149956, 32.142913830062206, 42.2813174302438
818, -0.8217896017367299, 4.024956355510889, 6.42848481183407, 8.056731918383807, 31.547678292479876, 60.623210990462184
820, 0.07474108964501838, 4.626315277405863, 6.680739623033484, 5.941178019967343, 26.658005606658236, 49.58039464309345
823, 0.06115748248016451, 5.08372371054955, 7.998286029209467, 0.5938670480943624, 25.820038563437535, 63.59187661539873
824, -0.13243215974770234, 3.8132280270869927, 7.4941193820756435, 4.54230924860749, 20.11054355857951, 62.706597668695075
827, -0.2099928118002535, 0.45217149129110784, 9.968705389236666, 1.0259280252290868, 1.4643895895175305, 104.63182509302165
834, 3.007150182793112, 2.225569667131561, 6.384185989273069, 12.391654445288367, 13.0025225477497, 23.79602528354002
836, 5.545098290884308, 1.1658213024334614, 4.9462975506654825, 7.94093575399925, 27.119002695574373, 8.299498080485863
838, -0.17009710349415957, 0.27491738432168256, 8.53020616781113, 4.154434128682502, 4.352472023048466, 79.84971114137373
839, -2.582096672509984, 2.627860236348344, 6.902397229533361, 9.60346193525361, 36.74711292741446, 99.55908651314996
841, 1.094229277643964, 5.965578275031486, 4.7191162250194845, 8.746224143255919, 32.4762651976035, 21.88602952450925
842, 0.03631892325312555, 0.9135107265079995, 8.052653920836683, 1.28533928264136, 2.0548047423387734, 65.5469660761269
846, 2.7982826792072872, 3.504045232271977, 6.130064690498319, 17.343678363689843, 17.841779144997265, 28.444449734450842
847, -0.30327711520720996, 4.009001481253302, 8.129104068239993, 3.6794480525817295, 22.27519474606914, 74.78450047557429
848, -0.3190863914446907, 1.9529595743324997, 7.3863505154850815, 10.051818040273673, 15.214010910877128, 69.42557596695076
854, -0.4496505003295108, 8.006145631376244, 1.4353826493690731, 2.3255714194082158, 73.82605964037951, 5.878921394870683
857, 4.815387235252645, 3.75279024122764, 6.532299347609744, 8.781560514366939, 9.910672886078347, 11.729347715925684
859, -3.0699211584288184, 1.7705970666180535, 6.7675077195878455, 12.676709323097683, 36.107326010111635, 109.45171625313505
860, 2.673837474960538, 2.0941243339930193, 7.178569814237177, 14.703931890503341, 15.039999216311003, 34.99654533903107
862, -0.09809179519590368, 3.735472727731382, 8.553635055514432, 2.3654550982732214, 17.06167204972005, 77.21783259757602
864, -4.2958079109892395, 6.365207698393066, 1.6760136640248, 15.54369896993904, 129.2009527934322, 51.20635189374213
868, 7.786737015377478, 1.0927039766546718, 0.868247569044756, 13.358147895975012, 58.168226219494215, 61.223644115005136
870, -0.12052960786764842, 6.033818424419097, 6.013828870557682, 3.0057496102190417, 40.88174931273144, 40.63610355204586
871, 1.6905536428692247, -2.1356456740594703, 3.997679377236091, 16.489024604670533, 31.128825817536022, 21.8118537588484
877, 0.3148237310070811, 4.024199224578986, 7.217850869610696, 4.9502346410151254, 18.709701193326953, 52.60201831731318
880, 0.9448674869934092, 4.076614039510451, 4.662070299774164, 21.483668612545454, 31.29150508174762, 35.3012653638901
882, 2.7326522661176345, 4.415489313820763, 3.459667541295647, 22.706327919451688, 25.538268448573824, 23.234879129793505
883, 1.6135513697835095, 4.41428378533577, 5.867659035316499, 15.950264198559308, 23.794366262075357, 34.04769622849796
887, -0.18063847876795522, 1.5915079666019623, 3.2735452118120434, 14.805842554553124, 17.946345578390897, 26.73722752282149
890, -0.8697077464822959, 1.1909880488523235, 5.829288955237205, 19.630585711493616, 23.877052872403315, 64.5071425211425
895, 4.3502371981333825, 1.9597885120933407, 4.303638308447463, 18.942489140639182, 24.656734061228114, 18.944660597159775
897, 1.175199784316201, 2.026663972312039, 4.293416994931517, 26.214684580227225, 26.939675843666745, 35.93796315281037
900, 1.195419794050273, 4.905016371119093, 6.836808398961575, 11.678152232801109, 25.43925899740167, 43.50341762442409
911, 0.6004709014085797, 1.8497243948290305, 9.511665808016575, 9.773463013580189, 11.33409730440383, 89.1828576771409
912, -0.07816573586679403, 4.210395389774128, 6.988590618127816, 8.664319694399252, 27.056076222758335, 58.60336506112354
913, -1.3500584061375172, 0.12909490443034433, 1.117462592576193, 23.183354431774386, 25.371248947934728, 29.27201431087187
919, 8.021558209240178, 0.6739598651322232, 0.7861603545812339, 16.74147340620429, 70.7286748325428, 69.0924555214081
933, 1.1422347519087808, 9.264852581176122, -1.1852790739499068, 0.7177151827192758, 66.69463558305038, 6.135035792282715
941, -0.3250491732058812, 2.6286733519939864, 4.473344928611616, 7.505142920073436, 16.229619675946466, 30.52972887643033
943, -0.22249883480081675, 4.108204870289904, 5.405066766116146, 10.23613525841078, 28.991129839698782, 41.905629851034654
945, 0.40965236568400193, -1.9877524406585436, 4.549928814126938, 7.739640620101599, 13.487190425575177, 24.881529689628127
953, 0.3108078584170575, 2.832159233874804, 7.870559149375644, 9.116533135412991, 15.473745893935538, 66.26637271656318
955, -0.7517988917599555, 6.964085408519852, 6.9298697612290745, 1.3498679226985641, 60.88473845800544, 60.35790121701716
956, 0.5931457988495693, 7.719215609633299, 1.961562437657222, 10.512417382500034, 61.29328833066709, 12.384981479866713
967, 0.8260174920500907, 4.2055013057786725, 5.451268584487584, 15.057216811008505, 26.47812765828561, 36.45016447910257
973, -1.561318819678327, 0.4467895538042251, 2.068784846320705, 56.126059098328, 60.15855833797969, 69.30371172422909
977, 2.2630822394866024, 3.553849931001099, 6.644993830415712, 17.726188679133255, 19.392269912590965, 36.927337869854206
979, 0.5640418183939919, 2.01526931625705, 7.674079275606508, 17.418239214354838, 19.524300464908645, 67.97087185731988
983, 0.7018044569649288, 6.668455558846898, 5.646251042770738, 6.395299012583703, 41.99622438417297, 30.84285105247054
987, 0.37633370441940583, 7.293624536130253, 5.102472175630428, 0.8292054728627384, 48.678117923333716, 23.165590321923574
991, -0.25871794436193035, 3.0197312376575876, 5.47804140064441, 7.910145690283518, 18.65837472936657, 40.820553472799865
992, -0.1315496592196309, 3.9239667113739127, 3.070457078299716, 21.79928661225759, 38.24649964440899, 32.05213375937589
996, -1.0225008216681737, 5.8219247102157246, 3.671347836090045, 10.239217811931757, 57.08537867343456, 32.27143303387006
997, 0.2641499899599523, 6.408589160241875, 3.143213732386422, 12.290366899352586, 50.044499616619674, 20.57937493231561
998, -0.3346913287570755, 3.0092659033248834, 9.185645654569607, 1.3170291887587167, 12.499079158751941, 91.95384546485637
1000, -1.0547844376398012, 3.755958742006703, 6.204790793927623, 10.659568405174058, 33.802818345689055, 63.36100094796525
1006, 0.8735965874466729, 2.3631007700404445, 7.1766088859341295, 12.409684931048757, 14.628307641013226, 52.13764896593173
1015, -0.830786476761887, 6.757129520562099, 3.7974175868624993, 8.20100538597076, 65.77747456844476, 29.62127824052643
1017, 1.2214013116802342, 9.278561524047456, 1.904252966895701, 0.5104444701169529, 65.42827515787053, 0.976730853147495
1027, -0.48978989023756636, -1.9475237545421173, 1.5957836479944623, 28.052529872545897, 30.177517891685195, 32.40214685591948
1029, 0.9586784491662167, 1.3444247434104337, 6.306292506724024, 8.682523626718227, 8.83132383024132, 37.27949973530809
1031, -0.3536127093317028, 8.506966965056614, 0.44356695702813015, 2.2536078520108447, 80.763480018195, 2.8891032724684127
1033, -0.6474390590752493, 0.7382670914049202, 1.9712821608109377, 13.454596200074999, 15.374777735548355, 20.3122970275586
1035, -2.2282865839034907, 1.847147776704677, 2.825308300253579, 24.53767583209627, 41.146841059720344, 50.07649708527437
1036, -0.18218414307935257, -0.1282269349755037, 1.7954011409573367, 5.501280363484019, 5.504191743790113, 9.412123919121797
